%YAML:1.0
---
depthShift: -4.9217407994008646e+01
