%YAML:1.0
---
cameraMatrix: !!opencv-matrix
   rows: 3
   cols: 3
   dt: d
   data: [ 1.0569738651289942e+03, 0., 9.4051983105015063e+02, 0.,
       1.0565911865677338e+03, 5.5005616989245004e+02, 0., 0., 1. ]
distortionCoefficients: !!opencv-matrix
   rows: 1
   cols: 5
   dt: d
   data: [ 5.1264184494581498e-02, -7.9131785429174289e-02,
       -4.2038134021523294e-04, -1.1791749780491905e-03,
       2.9721557638109485e-02 ]
rotation: !!opencv-matrix
   rows: 3
   cols: 3
   dt: d
   data: [ 1., 0., 0., 0., 1., 0., 0., 0., 1. ]
projection: !!opencv-matrix
   rows: 4
   cols: 4
   dt: d
   data: [ 1.0569738651289942e+03, 0., 9.4051983105015063e+02, 0., 0.,
       1.0565911865677338e+03, 5.5005616989245004e+02, 0., 0., 0., 1.,
       0., 0., 0., 0., 1. ]
