%YAML:1.0
---
rotation: !!opencv-matrix
   rows: 3
   cols: 3
   dt: d
   data: [ 9.9994481498854260e-01, -2.5211752027757320e-03,
       1.0198561326295459e-02, 2.5022581120888484e-03,
       9.9999512609744412e-01, 1.8672133507789169e-03,
       -1.0203219191499623e-02, -1.8415908757783920e-03,
       9.9994624998605619e-01 ]
translation: !!opencv-matrix
   rows: 3
   cols: 1
   dt: d
   data: [ -5.1739337349196286e-02, 7.9395110278677220e-06,
       3.9237265553084830e-03 ]
essential: !!opencv-matrix
   rows: 3
   cols: 3
   dt: d
   data: [ -9.8991851739297477e-06, -3.9237220527786635e-03,
       6.1264967016149767e-07, 3.3956022246167798e-03,
       -1.0517509367481645e-04, 5.1776572724994252e-02,
       -1.3740424948198860e-04, -5.1739065159809416e-02,
       -9.6689353048992082e-05 ]
fundamental: !!opencv-matrix
   rows: 3
   cols: 3
   dt: d
   data: [ -1.5561655413648837e-08, -6.1496621470658261e-06,
       1.2812959440886877e-03, 5.3398667621284430e-06,
       -1.6490096393196738e-07, 2.8346985866461505e-02,
       -3.1508984188078626e-03, -7.9836275080919228e-02, 1. ]
