%YAML:1.0
---
cameraMatrix: !!opencv-matrix
   rows: 3
   cols: 3
   dt: d
   data: [ 3.6409094463175143e+02, 0., 2.4956094194545813e+02, 0.,
       3.6518522845121220e+02, 2.0766371850413259e+02, 0., 0., 1. ]
distortionCoefficients: !!opencv-matrix
   rows: 1
   cols: 5
   dt: d
   data: [ 1.0122959942601113e-01, -2.2731860621557035e-01,
       -3.3905917080486424e-04, 1.5054817857890455e-03,
       8.5192954759349317e-03 ]
rotation: !!opencv-matrix
   rows: 3
   cols: 3
   dt: d
   data: [ 1., 0., 0., 0., 1., 0., 0., 0., 1. ]
projection: !!opencv-matrix
   rows: 4
   cols: 4
   dt: d
   data: [ 3.6409094463175143e+02, 0., 2.4956094194545813e+02, 0., 0.,
       3.6518522845121220e+02, 2.0766371850413259e+02, 0., 0., 0., 1.,
       0., 0., 0., 0., 1. ]
