bounding boxes: [[  9.766923  81.06697  576.547    519.79443 ]]
scores: [0.99992]
classes: [0]
